0 4096 0.71142578125 0.254150390625 0.6962890625 0.2685546875
1 4096 0.71142578125 0.254150390625 0.6962890625 0.2685546875
4 4096 0.71142578125 0.254150390625 0.6962890625 0.2685546875
7 4096 0.71142578125 0.254150390625 0.6962890625 0.2685546875
10 4096 0.71142578125 0.254150390625 0.6962890625 0.2685546875
13 4096 0.71142578125 0.254150390625 0.6962890625 0.2685546875
16 4096 0.71142578125 0.254150390625 0.6962890625 0.2685546875
19 4096 0.71142578125 0.254150390625 0.6962890625 0.2685546875
22 4096 0.71142578125 0.254150390625 0.6962890625 0.2685546875
25 4096 0.71142578125 0.254150390625 0.6962890625 0.2685546875
28 4096 0.71142578125 0.254150390625 0.6962890625 0.2685546875
31 4096 0.71142578125 0.254150390625 0.6962890625 0.2685546875
34 4096 0.71142578125 0.254150390625 0.6962890625 0.2685546875
37 4096 0.71142578125 0.254150390625 0.6962890625 0.2685546875
40 4096 0.71142578125 0.254150390625 0.6962890625 0.2685546875
43 4096 0.71142578125 0.254150390625 0.6962890625 0.2685546875
46 4096 0.71142578125 0.254150390625 0.6962890625 0.2685546875
49 4096 0.71142578125 0.254150390625 0.6962890625 0.2685546875
52 4096 0.71142578125 0.254150390625 0.6962890625 0.2685546875
55 4096 0.71142578125 0.254150390625 0.6962890625 0.2685546875
58 4096 0.71142578125 0.254150390625 0.6962890625 0.2685546875
61 4096 0.71142578125 0.254150390625 0.6962890625 0.2685546875
64 4096 0.71142578125 0.254150390625 0.6962890625 0.2685546875
67 4096 0.71142578125 0.254150390625 0.6962890625 0.2685546875
70 4096 0.71142578125 0.254150390625 0.6962890625 0.2685546875
73 4096 0.71142578125 0.254150390625 0.6962890625 0.2685546875
76 4096 0.71142578125 0.254150390625 0.6962890625 0.2685546875
79 4096 0.71142578125 0.254150390625 0.6962890625 0.2685546875
82 4096 0.71142578125 0.254150390625 0.6962890625 0.2685546875
85 4096 0.71142578125 0.254150390625 0.6962890625 0.2685546875
88 4096 0.71142578125 0.254150390625 0.6962890625 0.2685546875
91 4096 0.71142578125 0.254150390625 0.6962890625 0.2685546875
94 4096 0.71142578125 0.254150390625 0.6962890625 0.2685546875
97 4096 0.71142578125 0.254150390625 0.6962890625 0.2685546875
100 4096 0.71142578125 0.254150390625 0.6962890625 0.2685546875
